003198
003838
002958
003588
001429
003242
002735
000788
003943
003892
002522
002771
000099
002805
002485
001462
003112
002361
001884
000514
003973
002066
001080
002887
000629
004086
000459
002378
001590
002051
001880
003423
004089
003689
001886
001816
000344
000293
000075
001684
000836
000368
000425
003290
003553
002163
003326
004073
001961
003383
004117
000935
000036
001696
002998
001375
001720
000790
003061
003847
003665
000655
000997
000121
002487
003852
000985
000683
002393
003843
003485
000885
001418
002213
003090
002005
000281
001167
002058
003798
002503
000004
002348
003225
003654
000279
001146
002497
001278
001308
003060
003430
000317
003722
002174
004094
000188
000735
000028
002481
000384
002527
001870
003550
002650
000105
001951
003369
002872
003182
003434
002845
001099
003987
003133
000635
001746
000073
002996
000441
003481
001969
000298
003800
004080
003947
000914
000455
002695
002074
001734
000946
003044
001514
001745
003620
001024
000861
001807
003702
001596
001363
003408
002444
003631
004105
000680
001298
001084
003356
004070
002451
001319
001417
003328
001777
001840
002555
002580
001268
000664
003160
000069
000485
001014
002095
001699
003113
002680
000081
001381
000483
000215
001427
001511
003136
000541
000715
002390
001927
003464
001801
001046
000125
002483
001081
000185
001991
001451
002221
002009
002700
001215
003364
003673
003608
000346
000681
003915
001715
002867
001306
004040
001636
000547
000388
001120
001114
001566
004185
003251
003724
001838
002090
001493
001359
003765
000845
000409
002499
001907
003021
001737
000019
000535
002863
001137
000051
004107
003214
001676
003233
003882
002373
002684
003851
002210
002562
002820
001017
003467
001609
000411
000687
003035
001612
002836
000257
002595
001970
000643
001259
001943
000744
003132
001521
002209
000785
000968
000213
000197
001426
004049
003604
001928
002734
001757
001629
000718
001112
003670
003159
003087
003543
003614
001347
001888
002919
000356
000669
000380
001686
002602
000791
002628
001883
003171
000392
002754
001123
001087
002428
000209
001562
002531
003004
000877
003647
001302
003078
002408
001519
000808
001393
003258
002950
000688
000619
003436
000467
000855
003968
002203
003052
001357
003789
000273
001569
001977
002604
003573
002135
003632
003936
001020
003253
001911
000139
001201
002171
000277
001853
000943
000749
003422
002445
002763
002118
004062
001524
001111
000574
002904
001786
004119
003730
002423
003788
001962
002843
003222
004106
003085
002690
000299
003827
003448
000110
000474
001616
003395
000177
000079
002457
001184
002397
002636
002956
002882
000960
001670
003995
002755
002773
001442
003111
002519
003710
002534
003231
001003
000678
002083
001212
001874
002635
002596
002131
000787
002959
000506
001223
002429
000714
001876
002288
004102
003998
000523
001690
000448
000624
002119
002827
002666
000016
003949
003096
002822
002278
002032
000212
003558
000148
002382
003569
003037
001320
001034
003116
003224
003662
001846
001893
001526
002943
004112
002365
000831
000828
000179
001365
001155
002407
002968
001998
002868
002648
003749
000753
003355
004087
003616
003166
002336
000916
001269
002241
003100
003912
003312
002818
000333
003557
001483
004066
003507
003402
000423
001010
002092
000001
002967
004007
001318
003210
000497
002811
001716
004124
004092
001843
001875
000907
002785
001001
002422
002069
000858
003521
001198
001828
001129
001476
001069
002113
003456
000559
001170
000646
002900
000747
002183
002971
001793
001626
000682
000832
000420
001826
001780
003959
001990
001115
004179
003994
000377
002936
002068
002926
002043
000764
003566
003927
001140
003221
001434
000020
001411
003442
003663
000709
000631
003769
000614
001096
003314
003296
003837
002997
002160
002984
001642
001576
003276
003910
000026
001549
002848
001186
003107
003020
003499
001533
003989
003068
002420
001773
000230
000006
004053
003967
002458
003931
003081
002738
004065
000917
003181
000992
003615
000468
000218
002724
000698
000741
003703
001832
003976
000292
002846
003243
003201
003490
003899
003729
003791
000174
001305
000893
000335
003033
000848
003483
002079
002719
000533
003864
002293
002608
002148
003056
003806
000849
000366
001478
002928
001334
003777
003549
003310
004182
001723
000082
000548
001930
003925
002462
003866
000511
002218
001423
000140
001007
001923
002614
003252
001499
002484
003213
001677
002128
001102
003581
001253
003845
003744
002184
000309
001254
002674
001441
002456
003868
003645
002175
003578
002946
000563
003187
002350
002368
001584
000897
002322
001150
002682
003688
000372
002613
001835
000238
003587
003114
002315
003876
003756
003083
002491
000529
002432
003103
000915
003794
003763
003795
000430
003883
002870
002448
004187
003269
004021
003787
002212
001036
003552
001485
002941
000821
001641
001468
001899
000912
004167
002645
004030
001384
000274
000716
004059
002036
001528
004126
003273
000387
003572
002156
000654
003345
001645
003238
000613
002452
002455
003141
003717
003600
003031
004184
003986
002126
003119
000040
002925
001480
001202
003570
003333
002593
001926
000231
000385
000151
000894
001611
003560
000349
001538
003586
002386
000124
002355
001837
001043
003217
000913
001820
002033
002144
000981
002816
002341
002121
000359
003204
003559
002633
003271
000478
001721
002813
003743
002899
001382
001071
001448
000920
001858
003603
000995
003510
000085
003124
002528
003095
001776
003407
001784
001507
002443
002654
001199
002557
001463
002472
003669
001856
002013
000876
002671
002217
001030
000512
000434
000591
003964
000488
002860
003147
001760
002489
003977
003008
003956
002044
002394
001391
000922
001088
003012
002057
002096
000809
003590
000038
001205
002304
000666
001667
003414
003086
003592
000276
001728
001595
002243
001994
002479
000282
002779
001644
002830
000170
001500
003668
003470
002797
003144
004001
002893
003820
000604
003397
002486
000944
000057
004191
001015
000120
000807
003022
003307
003951
004170
003493
000030
001691
003822
003293
001477
001251
000469
002920
003993
002060
000358
004178
003104
003074
001550
003841
003192
000771
001148
002254
001248
000489
002992
002138
003209
001725
001341
002320
003887
003740
003347
001530
002400
002492
002689
000321
003679
004186
001768
002102
001236
001882
001790
002934
002605
001470
002248
002643
001152
002354
003536
002762
003809
000952
001048
003246
003161
001421
000706
000480
000014
001705
001572
002169
000780
001709
001532
002344
002798
002045
001680
003555
000936
003413
002741
001304
003767
000194
000951
000734
003115
000326
003541
001589
002766
002597
002538
003635
000742
002745
004006
003315
000694
003256
003024
001868
004025
002147
003034
000812
003441
002840
001282
003028
001291
003846
004077
001023
002331
003295
003320
001608
003576
002715
000573
002855
000160
001065
000096
001424
003450
000906
001863
000733
001122
003309
003690
001233
000692
000598
000111
003023
004079
002255
002637
001029
002317
002502
001416
004063
003118
004192
003241
003890
002063
001555
004084
003547
000502
002697
004047
002592
002545
001762
001861
003392
003487
000803
002185
001851
000900
002298
002238
001408
000132
001031
001866
003697
000108
003360
001693
001630
003997
001161
003561
000730
003091
001300
000609
001218
002211
003286
000520
002769
001988
000033
000245
000757
000164
001674
002750
003051
002402
004121
002685
001100
002938
002765
001453
003410
003906
002542
002640
001041
002544
000320
002986
002539
002850
000975
002574
003304
002961
003953
000672
003432
001929
003498
000549
003282
001053
002461
000597
001586
001512
004100
002087
003150
002150
001593
001615
000452
002624
001535
003463
002728
001163
003196
003371
003854
003774
003298
000203
003894
000838
004181
003813
001002
002305
003596
000109
001118
002954
000751
002667
003036
003750
003375
001887
001193
000939
002638
000772
001323
002615
002477
001116
000353
003170
004050
001945
003650
003324
003965
000348
002854
002853
003040
002566
003715
003532
000850
001650
004078
003928
000291
003817
000259
001501
002107
003460
003042
002071
001063
000515
002439
002120
001108
003630
002154
002438
002985
003270
002205
002468
000362
001661
002101
001290
000603
001606
003348
000155
003186
002441
003123
002935
002586
002038
000192
000623
002115
002463
003513
001750
003235
002208
001503
003816
001871
001352
001890
001617
001329
003836
000837
001763
001435
000117
003629
003641
000895
001517
000100
000078
001898
002339
000243
000417
002034
001354
002435
003803
001708
001180
000206
000690
003399
001181
003528
002372
001583
003459
003223
001287
000165
003130
000471
000729
002616
002698
003215
002082
002152
003425
001337
003149
002021
001469
000145
001560
002052
002219
002639
001039
000844
003761
003747
003110
003511
003563
003996
002249
002940
001915
000651
000198
003416
002199
000008
001754
004144
001127
003131
000649
000737
002517
003874
001488
001570
001350
003185
001739
003025
000365
004115
002609
001176
000644
002743
002193
000052
003548
002141
003881
002006
004160
000587
003047
001397
004061
000585
000724
003974
003479
003966
002803
002473
003494
001814
001299
001263
002267
004038
000375
002807
002772
003907
003284
000800
003857
003405
001358
003396
001859
001481
001830
003247
001494
002027
001794
002272
003202
000074
002195
000286
000475
002824
001799
002067
001492
003865
002273
004161
002590
001567
001727
001908
002553
002787
003963
002578
001849
001920
003294
003606
001095
003599
001903
002271
000726
000360
002380
001798
002418
003539
000650
000316
000162
003937
003478
003856
001294
000568
001900
001885
000630
002603
003623
001075
002675
003250
000973
002788
000580
002975
000707
001270
002488
000967
000400
000254
003492
000319
002810
000746
000519
002303
003807
002316
001710
001922
002708
000928
001537
001439
000976
002061
000823
000104
000024
002861
002812
003542
000464
000466
003612
001157
002134
001601
003327
003367
001285
003169
004088
000919
000260
001255
001403
002151
002260
001428
002048
003508
002454
004036
002548
002345
003653
002825
004071
000606
002902
002932
002031
001004
001604
001144
000588
002234
003006
002376
000498
001207
000415
003155
002703
002837
000153
000463
002704
001242
003162
002588
003058
003948
001819
002409
001931
003208
000294
003001
000562
002612
001783
002276
000867
000703
000618
000059
002551
000892
000248
002252
004057
000802
000578
000187
001735
000066
000675
002683
001158
000280
002829
000918
004028
001758
001394
001166
000157
001541
001944
003140
002523
001404
001160
000589
002627
001901
000332
001862
000313
002414
002866
004168
003297
000088
003896
000342
002132
001822
000013
003325
002878
001683
003853
002290
001208
002311
001655
002170
000776
002110
000272
003157
002196
001078
000357
004097
003384
001256
001688
002549
002714
003445
000389
003070
001247
002944
003718
002730
000736
003084
002207
000957
002116
001939
003382
003860
001839
001277
001117
003030
001829
000786
000956
003167
003812
004005
002186
001845
000814
002930
003971
003353
002446
000754
001059
003638
002796
000691
000579
003685
002642
000499
001539
002832
003125
004085
002897
001508
002668
001634
001982
002540
004150
000090
001475
003017
003833
004190
003611
000347
004130
002712
000310
001399
003359
003891
000658
001231
000012
000889
004169
002964
004031
000638
001800
001082
001946
000050
003713
000431
001425
002753
002641
000713
001008
002431
000632
000841
003072
001752
001444
003921
002864
003901
002532
001141
000061
003195
001967
001955
001540
001241
002168
002764
000902
002053
001310
000307
003771
003746
002165
003711
001324
003735
002752
000543
003878
002889
002437
001006
003529
004128
002047
000560
001362
000648
000503
003657
002646
003308
000419
002482
000505
002691
000261
003698
004037
001151
000144
002377
002877
003419
000106
002037
001619
000932
000784
001813
000552
001825
002776
002547
001823
000996
001518
003728
001869
001842
001592
002062
000569
001085
002533
002277
000743
001766
000811
003954
001632
003661
003786
002921
001097
003571
002318
002020
003240
002577
003505
002182
001432
000950
000961
002093
000810
003063
000537
001706
001621
002200
001182
002815
003526
002710
003336
003797
003520
003757
002598
001897
001328
000217
003503
000738
003719
000518
001311
002505
004156
001049
000532
001051
001070
003319
003334
003466
003972
001000
001997
001791
002699
001668
000620
001052
001274
003376
002059
001654
000445
000439
001515
003128
000268
002775
001064
003804
002259
004051
000465
001168
002619
001437
002886
002677
003605
003760
003176
003556
000428
004029
000517
000412
004096
001436
001213
003045
000527
003593
002774
000330
000324
000072
000251
002158
002833
004011
003488
002434
002300
003199
002064
002011
000340
003341
001156
001575
002733
000652
001579
004017
001756
000890
002736
000131
002844
000271
002008
001924
000208
001139
002973
001280
000540
003337
002164
003985
003664
003850
003134
000887
001578
002554
001529
002396
000027
002019
001702
000133
001260
001659
001808
002215
000214
003444
003174
000130
003064
001440
000854
001390
000098
001386
000339
000710
003716
002266
002977
000166
002974
002758
003644
001077
000371
001713
002716
000044
002806
001042
000765
001785
003624
001079
000642
003041
002530
001520
002146
000693
000308
002333
004046
003203
002570
000647
001349
002465
000570
003474
000116
003207
000314
002524
003527
000181
002702
001037
003431
000180
000297
001753
000972
003406
001872
004147
002424
002188
001815
001740
003015
002709
001646
002264
002929
002500
000494
003609
003129
002513
003178
003922
001124
002342
000677
002884
002214
000551
001232
002352
003011
001736
002792
001273
002296
002270
001091
000818
002903
003339
003938
000128
003435
000143
000617
003723
000287
001197
000363
004101
001748
003323
003343
001173
002909
000816
003582
002847
001548
002655
003491
000870
002172
002124
003300
004134
001171
000702
002099
001035
003237
004189
001672
000686
001921
000575
003914
000572
002140
003071
003080
001774
001781
000685
000986
003127
002647
000435
001153
001658
001588
003861
003739
000695
001195
003168
004056
001461
002594
000436
003655
001430
003218
001272
001355
002332
003960
002749
003050
000472
000161
002910
003945
003577
003175
000424
000779
002319
000856
003859
001214
001225
003003
003534
002281
003227
000725
001769
000422
003411
000909
003826
000835
002890
000352
003978
000673
003982
000275
002081
000602
004015
001458
003350
003097
001190
000674
003779
000522
000874
000149
000007
003390
000136
000769
000190
002222
003961
002137
003790
003092
003506
001811
004090
000792
002626
001947
003772
003226
003975
001143
002326
003935
000676
000186
002223
000600
003066
001345
004166
001119
000941
001402
001275
003919
002181
003303
000774
002244
001346
002582
002143
000481
003404
000031
002197
002705
001325
000612
001243
003652
000296
000405
001565
001534
003165
003299
003512
003727
000150
000011
003106
003895
002669
003778
002526
000053
002285
002611
003923
000611
000336
002789
002469
003531
002835
001322
001009
001067
002022
003049
001050
003842
002284
001133
002688
002224
002379
000341
001392
002157
000633
002229
002335
000739
000847
000783
003667
003482
002718
003979
001351
000899
001937
002387
001759
002659
002947
001556
003946
003540
003438
001812
000283
003067
002112
000763
003801
004042
003346
001062
000539
002617
001675
003255
003143
002275
004044
001824
001919
001968
002309
001504
003236
003321
001367
001188
000351
004008
002289
003905
003863
001536
003870
001974
001879
003420
003193
003232
002563
002761
001865
002649
000175
001395
002123
000284
001563
000756
004069
004127
000993
000444
003829
002625
000795
000113
002098
002518
003126
000432
000266
001513
003000
002913
003358
000492
003082
003601
003625
002751
002251
001622
002018
002086
002220
002915
003281
001625
000129
001040
001614
000454
003318
002869
001649
003311
001457
001222
001925
001496
003409
002874
001554
000034
003980
000239
002153
003855
001371
002269
002142
003421
000843
003026
000147
002385
000866
003692
003583
003674
000554
000302
000244
002663
003709
001741
001413
000942
002571
000945
003476
002962
000793
000127
000077
000207
004155
003694
002676
000141
001409
000087
003357
002587
001422
003930
003783
001313
001066
001110
001174
002374
003053
002321
003955
001058
002856
000461
003658
003712
002618
003567
003926
003970
002536
000158
002778
000731
003732
003742
001021
002960
000804
004068
001240
000196
000661
003504
002334
000223
000482
003272
001984
001635
002740
001749
002747
000974
002514
003773
002329
003101
002139
003205
002173
003962
001172
000954
001026
002569
003009
000112
001309
000025
000626
003872
002004
001637
003054
000107
002129
001332
002945
000199
001620
000457
003565
001083
000440
002192
001217
002707
004075
002983
000507
002258
001731
004148
000577
003219
000627
003917
003708
000394
000229
000697
003264
004135
001339
001206
003885
001558
001074
001482
004137
000905
001932
002508
002711
002991
000246
004022
002125
002065
000242
003228
001131
003701
002756
000962
002054
001257
003191
000516
002515
003163
003495
000080
003523
000094
002447
000438
000820
001730
000288
003172
002821
003117
003840
000748
000451
000046
001981
003279
000762
002525
000834
003666
002828
003752
003007
000860
000443
004095
003693
003109
000777
000637
003372
000135
001406
000883
003267
001106
003707
001698
001261
000813
003386
002145
000566
002852
000219
001602
001204
001631
001266
002286
001904
002780
000979
002301
001385
002905
003802
000815
001594
000712
001090
003184
002235
002232
000035
001722
002155
002000
002014
003819
001027
001905
003289
002916
002076
001805
000097
003687
001917
002450
001510
001281
000253
001400
003613
001433
000830
003509
000607
001624
001147
000938
004108
001544
000146
000528
004143
001237
000067
001525
001164
001398
002911
002556
003121
000755
000758
001019
001664
001464
001185
003848
001648
002078
003427
000708
003810
001673
000255
003142
002742
000679
003244
003283
000054
002230
003886
000042
000252
000605
000977
001364
001189
000615
003814
003880
001638
001689
004043
000657
001415
004138
003622
000391
000595
000583
000927
001487
002250
000322
003871
002012
003073
001841
000258
000509
002226
003579
001949
002016
001952
003137
002237
001818
003043
002327
000241
002976
000880
003681
003533
002516
001219
001072
003354
000671
001983
002106
000550
000991
002261
002299
000373
001817
001605
002398
001918
000898
000510
003518
003888
000163
002475
001356
003594
002543
001724
000345
003646
000376
003211
001957
000437
000410
002576
003059
001682
002314
003929
001452
000789
000829
002161
000301
001013
002306
001938
001896
002694
001060
003530
000068
003437
002720
000864
002029
003725
000667
002421
000338
000806
003610
000446
002927
003018
001497
001653
001047
002340
000265
002581
002791
002349
002104
003950
003825
001210
000745
003660
003785
000873
001719
003206
004045
004004
003909
003489
000929
003889
000871
000513
002239
002606
003394
002111
000226
002898
003983
001178
001844
003120
001889
003984
001789
002369
004116
002948
003849
003089
001056
001804
003759
000556
001910
002883
003517
003942
001607
002552
003469
000200
003671
000781
000639
000221
002981
003038
000264
000641
000775
002795
003455
003904
001587
001267
003229
003349
000872
003164
003792
003598
000062
000586
003640
001258
003999
001902
002957
002520
001681
000311
002876
000723
002686
003568
000750
002786
000205
003811
002084
000295
002480
003867
003821
003626
003313
003683
001012
004142
003875
003014
001948
000450
002814
002924
002325
000881
000722
003274
000653
003332
003695
000379
001209
000857
000386
002672
004064
002406
000797
000262
001627
000561
001707
002917
000343
004091
003287
002989
002493
002476
000453
003741
000234
001857
003048
000987
002819
003699
003352
000853
001860
003259
001571
000930
001038
003514
003607
002077
001383
003254
003502
003677
000862
001564
000250
003373
004173
003194
001054
001718
000931
002338
002727
002265
001220
003920
002085
000426
003898
004074
003249
003220
002324
002599
001797
003013
001331
001639
002177
003099
003753
003676
003879
004120
000999
001610
003758
000717
002405
000558
000009
002891
000949
003077
001191
003477
002080
000696
003076
000819
002965
001914
001836
000668
002952
002994
001317
003714
003426
003574
002391
001312
001303
002056
000183
001177
001410
000998
003381
003621
003093
004145
003415
001867
001916
001307
000966
003153
003538
002159
002413
002575
002706
002330
003401
003916
001089
004032
003088
002010
001216
000839
001771
002969
002623
002100
004054
000546
001954
003796
003591
001966
001651
000393
001022
002070
003055
001104
001959
001136
000169
003835
003340
002191
000910
003380
002568
000484
002589
002122
002862
001044
000355
000398
004103
001765
003988
002490
002982
000496
000521
002678
003957
000337
000904
000191
001516
000017
002295
001414
000711
002216
000799
003637
000015
004058
003473
002881
002283
002410
002467
002696
003766
001380
003363
002541
003146
000947
003368
002072
002050
000193
000126
001265
000270
001449
003173
000328
000590
001909
003344
003643
002187
003122
003834
001405
002253
001183
003317
001149
002584
002966
003595
001033
003562
001130
003400
003634
000171
004083
003839
001018
002360
002510
000599
000971
001353
001376
003913
002687
001960
001666
001585
003262
004174
002894
001985
003700
000958
002713
001877
004113
001704
002895
002149
004009
000782
000458
002040
002262
000500
004081
000236
001446
001454
000142
002017
003486
001733
003275
001032
001179
003005
003158
000544
000089
002294
003934
001767
003642
000382
002546
003338
001972
003197
001101
002231
000240
002931
003940
003575
001142
003108
000948
001640
001552
002664
000263
002901
000433
001249
000963
002673
002559
003537
000798
001135
000404
000978
003824
001138
003449
001912
002670
000429
001228
001522
004139
000582
000530
002371
000982
001527
002858
003546
001276
000232
000727
004027
000592
003941
001286
000903
001973
004072
002412
001203
003873
000773
000728
000584
001891
000039
000622
003016
003451
000374
003525
003500
000625
001368
001489
002995
002347
001523
002564
000114
000760
002550
003277
002030
002799
000884
001732
002804
001316
000473
003815
002370
003639
002427
003452
003361
001419
003823
000312
004131
003002
002225
003903
002990
002308
001941
003245
000768
002496
000770
002871
003465
003331
001663
003782
002263
001803
003446
001372
002471
001992
001455
002725
001196
001450
002729
000070
003154
000159
002951
002849
000557
000334
003138
002024
000043
001999
002504
003902
001963
002953
000863
004110
003387
000228
004020
003268
000456
001109
000220
001848
002236
001379
000168
001121
000704
001094
000934
000689
000045
000794
002204
001445
002466
003417
001378
002201
002558
004162
002851
002632
000476
003424
001546
002726
001226
001200
002662
001543
001330
001913
002046
001976
001953
002178
000189
004176
001989
001652
001505
001126
000225
002392
001490
001103
002498
004163
001460
003301
001224
003183
003342
000137
002537
002912
002865
001343
003738
000048
000886
002453
003440
003564
002233
002879
000021
004082
001695
003522
002896
000567
004159
002242
003990
001831
000925
000616
003737
000645
003377
001934
002403
001643
001447
000058
002026
001473
002343
003418
001598
001314
002501
002841
001700
000399
001061
001340
004098
002464
002312
001486
004067
002246
000984
001459
003617
003148
003755
003292
002383
002744
002411
002366
002363
000304
000479
000414
000390
003065
003447
003027
000501
000965
002202
002681
002357
003102
000010
002793
000315
001694
000801
003733
001495
000154
000525
001827
002323
003329
002622
002245
002460
003981
000700
002631
001547
002583
002565
001778
000403
003062
002426
001743
000508
003248
003944
000827
002999
000118
003589
002567
000983
000891
001979
001321
003433
001795
000055
001292
001751
003378
002282
001701
002658
003952
000076
002784
002759
001360
002838
003720
003939
004093
001264
004165
001326
002767
001559
000235
002073
001295
001250
002777
002607
002133
000721
003958
001873
003832
003627
000817
001412
002892
000565
001055
002601
002117
000933
000383
003762
003734
001761
004018
002088
004153
002987
000119
002839
003019
001005
002585
002007
000195
000842
003454
003105
000822
003484
002831
003748
000628
000824
001714
003584
003628
000487
003678
001244
002346
001772
002268
002955
000447
000370
001744
001633
000367
000378
001235
000092
000156
002661
003869
002425
000369
002826
004013
000397
003189
003704
000634
001479
003388
002389
004122
003775
004014
002381
000545
000542
002657
003266
000663
003365
002228
001747
001582
000778
003316
003862
003793
002768
000093
004172
001288
003305
004104
002988
002630
000826
001692
000323
004012
002507
002375
000402
001333
002561
000659
003781
000504
000911
002015
001679
002888
000990
002600
001671
002506
002560
000049
001703
002629
003370
004060
003389
000901
002364
000060
003515
000926
003393
002351
002114
000095
002972
000152
000486
000289
000761
003234
003403
004152
001361
004114
000413
000833
000636
001958
003659
003682
002399
002939
001187
001881
001809
000660
000564
000407
003480
002109
003156
003933
000418
000318
003731
002834
003145
002478
002963
003260
002388
002404
000882
001712
000888
000421
001987
002179
003179
002757
001093
002416
003306
001366
003302
003151
001016
002136
001068
001788
003496
002035
001850
000086
001852
000869
000305
000442
000233
002922
003379
004016
000576
001145
001647
002800
000032
002665
001956
004146
000989
002440
001284
003524
002367
001279
001107
004141
000173
001656
000524
003010
003497
004180
001996
001685
004111
004188
003139
000656
002041
002103
002291
003884
002292
000247
001338
002908
003366
003177
003780
000805
002652
003924
004035
000167
004039
000354
001628
002198
000621
002794
002247
003784
001738
003239
000003
001599
002620
000256
003726
003335
002731
003649
003212
000290
003263
004132
002494
000980
003554
000531
001662
003029
000940
001491
001420
003858
000065
000766
001262
003648
002739
002025
003429
000331
002417
002240
002436
002535
002167
002701
003877
003330
003069
001342
001506
003439
003443
002495
004177
002512
004164
000470
002023
001964
002802
002770
000204
002362
000306
002656
001782
002591
000732
004149
000610
000018
001192
001474
003032
000462
003468
004151
004076
002415
004133
000581
001796
003618
001775
002660
000071
000216
003745
003636
000701
001603
001542
003216
000303
001162
001443
000182
000227
001396
001509
001892
001113
003706
001551
002808
003230
001993
003696
001792
000796
003501
002353
000364
001978
003597
002474
003932
002194
004140
000875
004010
002190
001370
003908
004033
001239
001431
001553
003897
002509
002094
002651
001025
002653
002256
002130
001854
003675
001906
001315
004048
002310
000123
003651
000851
002817
002644
000138
000594
